\begin{equation*}A^G = \left[\begin{array}{cccccccc}
+A_{0} & +A_{1} & +A_{2} & +A_{3} & -A_{12} & -A_{13} & -A_{23} & -A_{123}\\
+A_{1} & +A_{0} & +A_{12} & +A_{13} & -A_{2} & -A_{3} & -A_{123} & -A_{23}\\
+A_{2} & -A_{12} & +A_{0} & +A_{23} & +A_{1} & +A_{123} & -A_{3} & +A_{13}\\
+A_{3} & -A_{13} & -A_{23} & +A_{0} & -A_{123} & +A_{1} & +A_{2} & -A_{12}\\
+A_{12} & -A_{2} & +A_{1} & +A_{123} & +A_{0} & +A_{23} & -A_{13} & +A_{3}\\
+A_{13} & -A_{3} & -A_{123} & +A_{1} & -A_{23} & +A_{0} & +A_{12} & -A_{2}\\
+A_{23} & +A_{123} & -A_{3} & +A_{2} & +A_{13} & -A_{12} & +A_{0} & +A_{1}\\
+A_{123} & +A_{23} & -A_{13} & +A_{12} & +A_{3} & -A_{2} & +A_{1} & +A_{0}
\end{array}\right]
\end{equation*}
